-02 -02 -02 -02 -02 -02 -02 -02 -02 -02 -02 -02 -02 -02 -02 -02 -02 -02 -02 -02 -02 -02 -02 -02 -02 -02 -02 -02 -02 -02 -02 -02 -02 -02 -02 -02 -02 -02 -02 -02 -02 -02 -02 -02 -02 -02 -02 -02 -02 -02 -02 -02 -02 -02 -02 -02 -02 -02 -02 -02 -02
-02 -02 -02 -02 -02 -02 -02 -02 -02 -02 -02 -02 -02 012 013 014 -01 015 016 017 -01 018 019 -02 080 081 082 -01 -01 -01 -01 -01 085 086 087 -02 -02 145 146 -01 006 -04 148 149 150 151 152 -02 -02 -06 -06 703 704 705 706 707 708 -06 -06 -02 -02
-02 -02 -02 -02 -02 -02 -02 -02 -02 -02 -02 -02 -02 020 021 022 -01 023 024 025 026 027 028 -02 088 -01 089 -01 090 091 092 -01 093 -01 403 -93 144 153 154 155 007 -04 157 -04 -04 158 159 -02 -02 -06 -07 716 717 -01 -01 720 721 -07 -06 -02 -02
-02 -02 -02 -02 -02 -02 -02 -02 -02 -02 -02 -02 -02 029 030 031 032 033 -01 034 035 036 037 -02 095 -01 096 097 098 -01 099 -01 100 -01 -01 -02 -02 -01 160 -01 008 -01 162 163 -04 164 165 -02 -02 727 728 729 730 731 732 733 734 735 736 -02 -02
-02 -02 -02 -02 -02 -02 -02 -02 -02 -02 -02 -02 -02 038 -01 -01 039 040 -01 041 -01 -01 -01 -02 102 101 102 -01 -01 -01 103 104 105 106 107 -02 -02 166 167 -01 009 -01 -01 169 -04 -04 -04 -04 -02 740 741 -01 743 -06 -06 746 747 748 749 -02 -02
000 002 002 003 004 005 006 007 008 009 010 404 -91 042 043 -01 -01 044 -01 -01 -01 045 046 -92 108 -01 -05 -05 109 110 111 -05 -04 112 -04 -02 -02 170 -01 -01 010 -01 172 173 174 -05 001 -94 700 753 754 -01 756 -06 757 759 760 761 762 -02 -02
-02 -02 -02 -02 -02 -02 -02 -02 -02 -02 -02 -02 -02 -01 047 048 -01 049 050 051 052 053 054 -02 -01 -05 -05 -05 113 114 -01 -05 115 116 -04 -02 -02 011 012 -01 -01 -01 178 -01 -01 -05 002 -02 -02 766 767 -01 769 -06 -06 772 773 774 775 -02 -02
-02 -02 -02 -02 -02 -02 -02 -02 -02 -02 -02 -02 -02 055 056 -01 057 058 059 060 -01 -01 061 -02 -01 -05 117 118 119 -05 120 -05 -04 121 122 -02 -02 013 014 -01 022 183 184 -01 185 -05 003 -02 -02 779 780 781 782 783 784 785 786 787 788 -02 -02
-02 -02 -02 -02 -02 -02 -02 -02 -02 -02 -02 -02 -02 062 -01 -01 063 064 -01 065 066 067 068 -02 123 -05 124 -05 125 126 127 -05 -04 128 -04 -02 -02 -01 015 016 017 -01 190 -01 191 192 004 -02 -02 -06 -07 794 795 -01 -01 798 799 -07 -06 -02 -02
-02 -02 -02 -02 -02 -02 -02 -02 -02 -02 -02 -02 -02 069 070 071 072 073 -01 074 075 076 078 -02 129 130 131 132 -05 -05 -05 -04 133 134 135 -04 -02 018 019 020 021 -01 198 199 200 -05 005 -02 -02 -06 -06 807 808 809 810 811 812 -06 -06 -02 -02
-02 -02 -02 -02 -02 -02 -02 -02 -02 -02 -02 -02 -02 -02 -02 -02 -02 -02 -02 -02 -02 -02 -02 -02 -02 -02 -02 -02 -02 -02 -02 -02 -02 -02 -02 -02 -02 -02 -02 -02 -02 -02 -02 -02 -02 -02 -02 -02 -02 -02 -02 -02 -02 -02 -02 -02 -02 -02 -02 -02 -02